-------------------------------------------------------------------
HF normalized sp3 Hybrid Orbitals of Boron (taken from NLMO of BH3)
using spherical AOs.
There are 1s and three sp3 orbitals, the total of 4 (3 in DFTB).
matsci: DFTB2 with matsci parameters.
-------------------------------------------------------------------
b-matsci 4 3
 1 0  0.665702  0.000148  0.000000 -0.746218
 0 1  0.665704 -0.000162  0.646242  0.373108
 0 1 -0.665704  0.000162  0.646242 -0.373108
b-hf-3c 5 4
 1 0 -0.132873  0.583039 -0.000159  0.000000  0.780881
 0 1  1.001897  0.009159  0.000000  0.000000  0.000000
 0 1 -0.132855  0.582964  0.000166 -0.676175 -0.390389
 0 1 -0.132855  0.582964  0.000166  0.676175 -0.390389
b-6-31G* 15 4
 1 0 -0.105468  0.435796 -0.000125  0.000000  0.723730  0.324797 -0.000075
      0.000000  0.241505 -0.037098 -0.045419  0.082520  0.000000 -0.000011
      0.000000
 0 1  0.996002 -0.014779 -0.000008  0.000000  0.000000 -0.039153  0.000001
      0.000000  0.000000  0.002412 -0.001206 -0.001206  0.000000  0.000001
      0.000000
 0 1 -0.107948  0.446042  0.000180 -0.641503 -0.370373  0.332433  0.000027
     -0.214066 -0.123592 -0.037971  0.051723 -0.013753 -0.000043 -0.000022
      0.065474
 0 1 -0.118639  0.490219  0.000198  0.705040 -0.407056  0.365359  0.000030
      0.235268 -0.135833 -0.041731  0.056846 -0.015115  0.000047 -0.000025
     -0.071958
b-ccd 15 4
 1 0  0.087171  0.405386  0.262865 -0.000127  0.000000  0.653017 -0.000057
      0.000000  0.199173 -0.013418 -0.036872  0.050290  0.000000 -0.000010
      0.000000
 0 1  0.996859 -0.034854 -0.033768 -0.000006  0.000000  0.000000  0.000000
      0.000000  0.000000  0.000632 -0.000315 -0.000315  0.000000  0.000000
      0.000000
 0 1  0.087171  0.405387  0.262865  0.000143 -0.565530 -0.326507  0.000027
     -0.172489 -0.099586 -0.013418  0.028499 -0.015082 -0.000022 -0.000004
      0.043581
 0 1  0.087171  0.405387  0.262865  0.000143  0.565530 -0.326507  0.000027
      0.172489 -0.099586 -0.013418  0.028499 -0.015082  0.000022 -0.000004
     -0.043581
b-accd 25 4
 1 0  0.069713  0.317192  0.346481 -0.000101  0.000000  0.523779 -0.000068
      0.000000  0.349321 -0.011362 -0.031368  0.042729  0.000000 -0.000008
      0.000000 -0.013513 -0.000011  0.000000  0.033949 -0.014502 -0.054359
      0.068861  0.000000  0.000000  0.000000
 0 1  0.994300 -0.033398 -0.016621 -0.000006  0.000000  0.000000  0.000002
      0.000000  0.000000 -0.000128  0.000064  0.000064  0.000000  0.000000
      0.000000  0.010897  0.000000  0.000000  0.000000  0.000414 -0.000207
     -0.000207  0.000000  0.000000  0.000000
 0 1  0.069713  0.317192  0.346481  0.000118 -0.453605 -0.261889  0.000076
     -0.302522 -0.174661 -0.011362  0.024205 -0.012844 -0.000019 -0.000005
      0.037048 -0.013513  0.000003 -0.029402 -0.016975 -0.014502  0.038056
     -0.023555 -0.000040 -0.000011  0.061611
 0 1  0.069713  0.317192  0.346481  0.000118  0.453605 -0.261889  0.000076
      0.302522 -0.174661 -0.011362  0.024205 -0.012844  0.000019 -0.000005
     -0.037048 -0.013513  0.000003  0.029402 -0.016975 -0.014502  0.038056
     -0.023555  0.000040 -0.000011 -0.061611
