Hybrid orbitals for $FMOHYB, adapted for peptide bonds C-N.
Do not change set names such as @c3ob.
$FMOBND should have entrees like
    -11 17 @cccd 12
where 11 is the BDA, 17 is the BAA, and 12 is the RDA.
-----------------------------------------------------------
@c3ob 4 3 
 1 0 -0.669101  0.000000  0.000000  0.743171
 0 1  0.669101  0.643606  0.000000  0.371586
 0 1  0.669101 -0.643606  0.000000  0.371586
@chf-3c 5 4
 1 0 -0.129464  0.620399  0.000000  0.000000  0.795888
 0 1 -0.129464  0.620400 -0.689259  0.000000 -0.397944
 0 1 -0.129464  0.620400  0.689259  0.000000 -0.397944
 0 1  0.999464  0.002441  0.000000  0.000000  0.000000
@c631@ 15 4
 1 0 -0.083187  0.361928  0.000000  0.000000  0.588030  0.317103  0.000000
      0.000000  0.266692 -0.024942 -0.023992  0.048934  0.000000  0.000000
      0.000000
 0 1 -0.083187  0.361928 -0.509249  0.000000 -0.294015  0.317103 -0.230962
      0.000000 -0.133347  0.030466 -0.023992 -0.006473  0.000000  0.036937
      0.000000
 0 1 -0.083187  0.361928  0.509249  0.000000 -0.294015  0.317103  0.230962
      0.000000 -0.133347  0.030466 -0.023992 -0.006473  0.000000 -0.036937
      0.000000
 0 1  1.012002 -0.022205  0.000000  0.000000  0.000000 -0.051948  0.000000
      0.000000  0.000000 -0.001085  0.002170 -0.001085  0.000000  0.000000
      0.000000
@c631@@ 15 4
 1 0 -0.084423  0.369061  0.000000  0.000000  0.600758  0.304776  0.000000
      0.000000  0.256840 -0.021557 -0.016797  0.038354  0.000000  0.000000
      0.000000
 0 1 -0.084423  0.369061 -0.520271  0.000000 -0.300379  0.304776 -0.222430
      0.000000 -0.128421  0.023376 -0.016797 -0.006579  0.000000  0.029957
      0.000000
 0 1 -0.084423  0.369061  0.520271  0.000000 -0.300379  0.304776  0.222430
      0.000000 -0.128421  0.023376 -0.016797 -0.006579  0.000000 -0.029957
      0.000000
 0 1  1.011465 -0.021478  0.000000  0.000000  0.000000 -0.048380  0.000000
      0.000000  0.000000 -0.000427  0.000853 -0.000427  0.000000  0.000000
      0.000000
@631++@@ 19 4
 1 0 -0.084604  0.378745  0.000000  0.000000  0.621608  0.319224  0.000000
      0.000000  0.272076 -0.086379  0.000000  0.000000 -0.045257 -0.022685
     -0.017160  0.039846  0.000000  0.000000  0.000000
 0 1 -0.084604  0.378745 -0.538328  0.000000 -0.310804  0.319225 -0.235625
      0.000000 -0.136039 -0.086379  0.039194  0.000000  0.022629  0.024213
     -0.017160 -0.007053  0.000000  0.031266  0.000000
 0 1 -0.084604  0.378745  0.538328  0.000000 -0.310804  0.319225  0.235625
      0.000000 -0.136039 -0.086379 -0.039194  0.000000  0.022629  0.024213
     -0.017160 -0.007053  0.000000 -0.031266  0.000000
 0 1  1.011223 -0.022017  0.000000  0.000000  0.000000 -0.051047  0.000000
      0.000000  0.000000  0.018928  0.000000  0.000000  0.000000 -0.000442
      0.000882 -0.000442  0.000000  0.000000  0.000000
@311++@@ 23 4
 1 0 -0.042064 -0.116036  0.000000  0.000000  0.272173  0.441842  0.000000
      0.000000  0.436396  0.269482  0.000000  0.000000  0.236744 -0.035532
      0.000000  0.000000 -0.030543 -0.027459 -0.015759  0.043218  0.000000
      0.000000  0.000000
 0 1 -0.042064 -0.116036 -0.235709  0.000000 -0.136087  0.441841 -0.377931
      0.000000 -0.218198  0.269482 -0.205026  0.000000 -0.118371 -0.035532
      0.026451  0.000000  0.015271  0.025549 -0.015759 -0.009790  0.000000
      0.035337  0.000000
 0 1 -0.042064 -0.116036  0.235709  0.000000 -0.136086  0.441842  0.377931
      0.000000 -0.218198  0.269482  0.205026  0.000000 -0.118371 -0.035532
     -0.026451  0.000000  0.015271  0.025549 -0.015759 -0.009790  0.000000
     -0.035337  0.000000
 0 1  0.571585  0.483672  0.000000  0.000000  0.000000 -0.052614  0.000000
      0.000000  0.000000 -0.034413  0.000000  0.000000  0.000000  0.004693
      0.000000  0.000000  0.000000 -0.000626  0.001252 -0.000626  0.000000
      0.000000  0.000000
@c6311@@ 19 4
 1 0 -0.041934 -0.115160  0.000000  0.000000  0.269066  0.439056  0.000000
      0.000000  0.432528  0.255944  0.000000  0.000000  0.225615 -0.026880
     -0.015317  0.042197  0.000000  0.000000  0.000000
 0 1 -0.041934 -0.115160 -0.233018  0.000000 -0.134533  0.439056 -0.374581
      0.000000 -0.216265  0.255944 -0.195388  0.000000 -0.112807  0.024928
     -0.015317 -0.009610  0.000000  0.034538  0.000000
 0 1 -0.041934 -0.115160  0.233018  0.000000 -0.134533  0.439056  0.374581
      0.000000 -0.216265  0.255944  0.195388  0.000000 -0.112807  0.024928
     -0.015317 -0.009610  0.000000 -0.034538  0.000000
 0 1  0.571583  0.483631  0.000000  0.000000  0.000000 -0.052585  0.000000
      0.000000  0.000000 -0.032771  0.000000  0.000000  0.000000 -0.000602
      0.001206 -0.000602  0.000000  0.000000  0.000000
@cccd 15 4
 1 0  0.080992  0.386443  0.277088  0.000000  0.000000  0.623038  0.000000
      0.000000  0.251196 -0.023575 -0.007400  0.030975  0.000000  0.000000
      0.000000
 0 1  0.080992  0.386444  0.277089 -0.539568  0.000000 -0.311520 -0.217542
      0.000000 -0.125598  0.017337 -0.007400 -0.009938  0.000000  0.027275
      0.000000
 0 1  0.080992  0.386444  0.277089  0.539568  0.000000 -0.311520  0.217542
      0.000000 -0.125598  0.017337 -0.007400 -0.009938  0.000000 -0.027275
      0.000000
 0 1  0.995957 -0.039478 -0.036614  0.000000  0.000000  0.000000  0.000000
      0.000000  0.000000  0.000164 -0.000328  0.000164  0.000000  0.000000
      0.000000
@caccd 25 4
 1 0  0.085929  0.393058  0.281465  0.000000  0.000000  0.637287  0.000000
      0.000000  0.214682 -0.028616 -0.007281  0.035895  0.000000  0.000000
      0.000000  0.008110  0.000000  0.000000 -0.003376  0.057102 -0.002034
     -0.055068  0.000000  0.000000  0.000000
 0 1  0.085929  0.393058  0.281465 -0.551907  0.000000 -0.318643 -0.185920
      0.000000 -0.107341  0.019768 -0.007281 -0.012488  0.000000  0.032256
      0.000000  0.008110  0.002924  0.000000  0.001688 -0.027025 -0.002034
      0.029059  0.000000 -0.056084  0.000000
 0 1  0.085929  0.393058  0.281465  0.551907  0.000000 -0.318643  0.185920
      0.000000 -0.107341  0.019768 -0.007281 -0.012488  0.000000 -0.032256
      0.000000  0.008110 -0.002924  0.000000  0.001688 -0.027025 -0.002034
      0.029059  0.000000  0.056084  0.000000
 0 1  0.998759 -0.038806 -0.058219  0.000000  0.000000  0.000000  0.000000
      0.000000  0.000000  0.000161 -0.000321  0.000161  0.000000  0.000000
      0.000000 -0.008533  0.000000  0.000000  0.000000 -0.000910  0.001821
     -0.000910  0.000000  0.000000  0.000000
@ccct 35 4
 1 0  0.089805  0.438472  0.104529  0.156817  0.000000  0.000000  0.342171
      0.000000  0.000000  0.420859  0.000000  0.000000  0.146511 -0.013030
     -0.012254  0.025284  0.000000  0.000000  0.000000 -0.015183 -0.016102
      0.031285  0.000000  0.000000  0.000000  0.000000  0.000000  0.004494
      0.000000 -0.007063  0.000000  0.001033  0.000000  0.000000  0.000000
 0 1  0.089805  0.438472  0.104529  0.156817 -0.296329  0.000000 -0.171087
     -0.364475  0.000000 -0.210429 -0.126882  0.000000 -0.073255  0.015705
     -0.012254 -0.003452  0.000000  0.019156  0.000000  0.019669 -0.016102
     -0.003565  0.000000  0.023234  0.000000  0.000500  0.000000  0.005360
      0.000000 -0.006676 -0.000894 -0.000516  0.000223  0.000000  0.000000
 0 1  0.089805  0.438472  0.104529  0.156817  0.296329  0.000000 -0.171087
      0.364475  0.000000 -0.210429  0.126882  0.000000 -0.073255  0.015705
     -0.012254 -0.003452  0.000000 -0.019156  0.000000  0.019669 -0.016102
     -0.003565  0.000000 -0.023234  0.000000 -0.000500  0.000000  0.005360
      0.000000 -0.006676  0.000894 -0.000516 -0.000223  0.000000  0.000000
 0 1  0.971550 -0.056463  0.027496 -0.016275  0.000000  0.000000  0.000000
      0.000000  0.000000  0.000000  0.000000  0.000000  0.000000 -0.000386
      0.000771 -0.000386  0.000000  0.000000  0.000000 -0.000907  0.001815
     -0.000907  0.000000  0.000000  0.000000  0.000000  0.000000 -0.000165
      0.000000  0.000221  0.000000  0.000000  0.000000  0.000000  0.000000
@cacct 55 4
 1 0  0.072980  0.353770  0.082519  0.261787  0.000000  0.000000  0.272761
      0.000000  0.000000  0.373827  0.000000  0.000000  0.262703 -0.011221
     -0.009282  0.020502  0.000000  0.000000  0.000000 -0.038254 -0.023511
      0.061765  0.000000  0.000000  0.000000  0.000000  0.000000  0.004160
      0.000000 -0.004974  0.000000 -0.000606  0.000000  0.000000  0.000000
      0.017211  0.000000  0.000000  0.007636 -0.032486 -0.005329  0.037815
      0.000000  0.000000  0.000000  0.000000  0.000000  0.012663  0.000000
     -0.010790  0.000000 -0.006200  0.000000  0.000000  0.000000
 0 1  0.072980  0.353770  0.082519  0.261787 -0.236218  0.000000 -0.136381
     -0.323744  0.000000 -0.186913 -0.227508  0.000000 -0.131352  0.012571
     -0.009282 -0.003291  0.000000  0.015862  0.000000  0.036760 -0.023511
     -0.013249  0.000000  0.050009  0.000000 -0.000293  0.000000  0.003651
      0.000000 -0.005201  0.000525  0.000303 -0.000131  0.000000  0.000000
      0.017211 -0.006613  0.000000 -0.003818  0.020240 -0.005329 -0.014910
      0.000000  0.035150  0.000000 -0.003001  0.000000  0.007465  0.000000
     -0.013116  0.005368  0.003099 -0.001342  0.000000  0.000000
 0 1  0.072980  0.353770  0.082519  0.261787  0.236218  0.000000 -0.136381
      0.323744  0.000000 -0.186913  0.227508  0.000000 -0.131352  0.012571
     -0.009282 -0.003291  0.000000 -0.015862  0.000000  0.036760 -0.023511
     -0.013249  0.000000 -0.050009  0.000000  0.000293  0.000000  0.003651
      0.000000 -0.005201 -0.000525  0.000303  0.000131  0.000000  0.000000
      0.017211  0.006613  0.000000 -0.003818  0.020240 -0.005329 -0.014910
      0.000000 -0.035150  0.000000  0.003001  0.000000  0.007465  0.000000
     -0.013116 -0.005368  0.003099  0.001342  0.000000  0.000000
 0 1  0.972960 -0.055430  0.028110 -0.032472  0.000000  0.000000  0.000000
      0.000000  0.000000  0.000000  0.000000  0.000000  0.000000 -0.000245
      0.000490 -0.000245  0.000000  0.000000  0.000000 -0.001798  0.003597
     -0.001798  0.000000  0.000000  0.000000  0.000000  0.000000  0.000093
      0.000000 -0.000125  0.000000  0.000000  0.000000  0.000000  0.000000
     -0.000394  0.000000  0.000000  0.000000 -0.000294  0.000588 -0.000294
      0.000000  0.000000  0.000000  0.000000  0.000000 -0.002600  0.000000
      0.003488  0.000000  0.000000  0.000000  0.000000  0.000000
