-------------------------------------------------------------------
HF orbitals for "sp3" sulfur
For DFTB3 obtained using 3ob parameters.
Can be used for S-S bonds in proteins!
-------------------------------------------------------------------
s3ob 9 4
 1 0 -0.338708  0.034582  0.000000  0.939070  0.000000  0.000000 -0.000480
      0.001903  0.047164
 0 1  0.866174  0.374605  0.000000  0.330317  0.000000  0.000000  0.003669
     -0.014540 -0.008928
 0 1  0.000000  0.000000 -1.000000  0.000000  0.000000  0.000000  0.000000
      0.000000  0.000000
 0 1 -0.338708  0.936014  0.000000 -0.083224  0.000000  0.000000 -0.010372
      0.041113 -0.020747
shf-3c 15 9
 1 0  0.028505 -0.087502  0.004675  0.000000 -0.265668 -0.353623 -0.010458
      0.000000  0.954616 -0.079080 -0.061702  0.140782  0.000000  0.015790
      0.000000
 0 1 -0.064975  0.201385 -0.096057  0.000000 -0.090953  0.917206  0.358836
      0.000000  0.339773  0.010016 -0.019131  0.009115  0.000000  0.009521
      0.000000
 0 1  0.000360 -0.001160  0.000216  0.000000  0.988463 -0.007639 -0.001196
      0.000000  0.046016 -0.002386 -0.002034  0.004419  0.000000  0.000276
      0.000000
 0 1  0.930190 -0.676400  0.000792  0.000000  0.000750 -0.041511 -0.004568
      0.000000 -0.004325 -0.000029  0.000052 -0.000023  0.000000 -0.000063
      0.000000
 0 1  0.444258  0.814656 -0.000716  0.000000 -0.000678  0.092974  0.004135
      0.000000  0.003916 -0.000920  0.001869 -0.000950  0.000000  0.000314
      0.000000
 0 1  0.000380 -0.001225  0.988495  0.000000  0.000232 -0.008068  0.045887
      0.000000 -0.001195  0.004301 -0.002148 -0.002154  0.000000 -0.000139
      0.000000
 0 1  0.000000  0.000000  0.000000  0.991438  0.000000  0.000000  0.000000
      0.034992  0.000000  0.000000  0.000000  0.000000  0.000238  0.000000
      0.000225
 0 1  0.000000  0.000000  0.000000 -0.268118  0.000000  0.000000  0.000000
      1.026170  0.000000  0.000000  0.000000  0.000000  0.017716  0.000000
      0.016775
 0 1  0.028505 -0.087502 -0.265018  0.000000  0.019158 -0.353623  0.952625
      0.000000 -0.062501  0.141617 -0.061702 -0.079915  0.000000  0.001872
      0.000000
s631@ 19 9
 1 0  0.025960 -0.086968  0.013147  0.000000 -0.265966  0.400262 -0.042754
      0.000000  0.799858  0.014258  0.039345  0.000000  0.208826 -0.077128
     -0.059400  0.136530  0.000000  0.012388  0.000000
 0 1  0.043012 -0.168294  0.089068  0.000000  0.083969  0.587696 -0.262062
      0.000000 -0.247061  0.380440 -0.110350  0.000000 -0.104033 -0.008980
      0.017203 -0.008223  0.000000 -0.007411  0.000000
 0 1  0.000165 -0.000732  0.000311  0.000000  0.998741  0.002132 -0.000927
      0.000000  0.006391  0.002173 -0.001428  0.000000 -0.011108  0.001028
      0.000718 -0.001745  0.000000  0.000065  0.000000
 0 1 -0.194653  1.068456 -0.000965  0.000000 -0.000910 -0.086541  0.003332
      0.000000  0.003141 -0.057737  0.002425  0.000000  0.002286 -0.001161
      0.002368 -0.001206  0.000000  0.000443  0.000000
 0 1  0.000175 -0.000777  0.998784  0.000000  0.000314  0.002261  0.006282
      0.000000 -0.000927  0.002305 -0.011276  0.000000 -0.001428 -0.001671
      0.000761  0.000910  0.000000  0.000257  0.000000
 0 1  1.018858 -0.085514  0.000012  0.000000  0.000011 -0.008580 -0.000073
      0.000000 -0.000069  0.002428  0.000733  0.000000  0.000691 -0.000031
      0.000064 -0.000033  0.000000  0.000017  0.000000
 0 1  0.000000  0.000000  0.000000  1.000022  0.000000  0.000000  0.000000
      0.003157  0.000000  0.000000  0.000000 -0.015799  0.000000  0.000000
      0.000000  0.000000  0.000011  0.000000  0.000010
 0 1  0.000000  0.000000  0.000000 -0.233949  0.000000  0.000000  0.000000
      0.688637  0.000000  0.000000  0.000000  0.444401  0.000000  0.000000
      0.000000  0.000000  0.013568  0.000000  0.012791
 0 1  0.025960 -0.086968 -0.264731  0.000000  0.028783  0.400262  0.795952
      0.000000 -0.089775  0.014258  0.210781  0.000000  0.026981  0.137051
     -0.059400 -0.077649  0.000000 -0.002198  0.000000
s631@@ 19 9
 1 0  0.026813 -0.088053  0.016140  0.000000 -0.271714  0.415822 -0.052037
      0.000000  0.811977 -0.014006  0.032209  0.000000  0.200129 -0.073524
     -0.052731  0.126253  0.000000  0.011461  0.000000
 0 1  0.042588 -0.166403  0.089684  0.000000  0.085281  0.582402 -0.264873
      0.000000 -0.251869  0.383569 -0.108758  0.000000 -0.103419 -0.009305
      0.018015 -0.008710  0.000000 -0.006824  0.000000
 0 1  0.000172 -0.000797  0.000334  0.000000  0.998715  0.002164 -0.001035
      0.000000  0.006382  0.003008 -0.001334  0.000000 -0.010702  0.000778
      0.000566 -0.001344  0.000000  0.000139  0.000000
 0 1 -0.198795  1.068474 -0.001179  0.000000 -0.001121 -0.086446  0.004382
      0.000000  0.004167 -0.055588  0.003205  0.000000  0.003047 -0.000736
      0.001501 -0.000764  0.000000  0.000327  0.000000
 0 1  0.000181 -0.000838  0.998755  0.000000  0.000337  0.002276  0.006278
      0.000000 -0.001035  0.003164 -0.010837  0.000000 -0.001335 -0.001289
      0.000595  0.000694  0.000000  0.000268  0.000000
 0 1  1.018037 -0.081067  0.000045  0.000000  0.000043 -0.009122 -0.000233
      0.000000 -0.000222  0.001848  0.000656  0.000000  0.000624 -0.000121
      0.000245 -0.000124  0.000000  0.000031  0.000000
 0 1  0.000000  0.000000  0.000000  1.000134  0.000000  0.000000  0.000000
      0.002798  0.000000  0.000000  0.000000 -0.015856  0.000000  0.000000
      0.000000  0.000000  0.000042  0.000000  0.000040
 0 1  0.000000  0.000000  0.000000 -0.233817  0.000000  0.000000  0.000000
      0.690111  0.000000  0.000000  0.000000  0.442884  0.000000  0.000000
      0.000000  0.000000  0.012974  0.000000  0.012336
 0 1  0.026813 -0.088053 -0.270559  0.000000  0.029786  0.415821  0.808331
      0.000000 -0.092813 -0.014006  0.201496  0.000000  0.022101  0.126745
     -0.052731 -0.074014  0.000000 -0.000185  0.000000
s631++@@ 23 9
 1 0  0.024936 -0.080873  0.013785  0.000000 -0.274438  0.391219 -0.045261
      0.000000  0.830697  0.015327  0.035619  0.000000  0.200998 -0.106081
     -0.023340  0.000000 -0.005146 -0.074019 -0.053949  0.127968  0.000000
      0.011733  0.000000
 0 1  0.041967 -0.161679  0.086105  0.000000  0.081867  0.584410 -0.257278
      0.000000 -0.244613  0.370347 -0.102245  0.000000 -0.097211  0.027279
     -0.000694  0.000000 -0.000661 -0.008812  0.017047 -0.008235  0.000000
     -0.006602  0.000000
 0 1  0.000192 -0.000806  0.000386  0.000000  0.998890  0.002690 -0.001225
      0.000000  0.006135  0.001777 -0.001015  0.000000 -0.013864  0.005596
     -0.000251  0.000000  0.004852  0.000913  0.000657 -0.001569  0.000000
      0.000109  0.000000
 0 1 -0.191441  1.068587 -0.001218  0.000000 -0.001158 -0.087383  0.004614
      0.000000  0.004387 -0.064686  0.002865  0.000000  0.002723  0.017206
      0.003499  0.000000  0.003327 -0.000777  0.001583 -0.000806  0.000000
      0.000338  0.000000
 0 1  0.000201 -0.000848  0.998931  0.000000  0.000390  0.002830  0.006011
      0.000000 -0.001225  0.001869 -0.013966  0.000000 -0.001016  0.005886
      0.004826  0.000000 -0.000251 -0.001509  0.000691  0.000819  0.000000
      0.000258  0.000000
 0 1  1.019430 -0.088908  0.000052  0.000000  0.000050 -0.009578 -0.000274
      0.000000 -0.000261  0.004748  0.000694  0.000000  0.000660 -0.005733
     -0.000980  0.000000 -0.000931 -0.000114  0.000231 -0.000117  0.000000
      0.000029  0.000000
 0 1  0.000000  0.000000  0.000000  1.000422  0.000000  0.000000  0.000000
      0.002207  0.000000  0.000000  0.000000 -0.018062  0.000000  0.000000
      0.000000  0.001283  0.000000  0.000000  0.000000  0.000000  0.000014
      0.000000  0.000013
 0 1  0.000000  0.000000  0.000000 -0.232225  0.000000  0.000000  0.000000
      0.694553  0.000000  0.000000  0.000000  0.415642  0.000000  0.000000
      0.000000  0.039277  0.000000  0.000000  0.000000  0.000000  0.012838
      0.000000  0.012205
 0 1  0.024936 -0.080873 -0.273393  0.000000  0.027608  0.391219  0.827356
      0.000000 -0.087101  0.015327  0.202539  0.000000  0.025436 -0.106081
     -0.006316  0.000000 -0.023050  0.128477 -0.053949 -0.074528  0.000000
     -0.000076  0.000000
s6311@@ 27 9
 1 0  0.011197  0.027429 -0.053651 -0.145637  0.346587  0.097113  0.014582
      0.000000 -0.303179  0.002750  0.000000 -0.060940 -0.015142  0.000000
      0.332160 -0.038497  0.000000  0.548354  0.047027  0.000000  0.189706
     -0.065863 -0.044237  0.110099  0.000000  0.009649  0.000000
 0 1  0.000129  0.000395 -0.001355 -0.000209  0.001351  0.005112  0.000544
      0.000000  1.153525  0.000050  0.000000  0.259019 -0.000943  0.000000
      0.038516 -0.000255  0.000000 -0.018361 -0.002339  0.000000 -0.003200
      0.001072  0.000714 -0.001786  0.000000  0.000077  0.000000
 0 1  0.020177  0.053702 -0.112944 -0.248021  0.506383  0.527947  0.096958
      0.000000  0.093227  0.018979  0.000000  0.018249 -0.103805  0.000000
     -0.099812 -0.184683  0.000000 -0.177578 -0.109368  0.000000 -0.105160
     -0.007854  0.015310 -0.007455  0.000000 -0.005877  0.000000
 0 1 -0.077348 -0.261211  0.551880  0.630367 -0.044739 -0.084683 -0.001250
      0.000000 -0.001202 -0.000132  0.000000 -0.000127  0.001471  0.000000
      0.001414  0.005718  0.000000  0.005498  0.002599  0.000000  0.002499
     -0.000226  0.000466 -0.000241  0.000000  0.000219  0.000000
 0 1  0.000134  0.000411 -0.001409 -0.000217  0.001405  0.005316  1.153574
      0.000000  0.000548  0.259025  0.000000  0.000050  0.038443  0.000000
     -0.000942 -0.018381  0.000000 -0.000255 -0.003384  0.000000 -0.002339
     -0.001736  0.000742  0.000994  0.000000  0.000209  0.000000
 0 1  0.421979  0.686812 -0.046683 -0.066444 -0.004648  0.000785  0.000064
      0.000000  0.000062  0.000045  0.000000  0.000043 -0.000100  0.000000
     -0.000096 -0.000029  0.000000 -0.000028  0.000198  0.000000  0.000191
     -0.000037  0.000074 -0.000037  0.000000  0.000010  0.000000
 0 1  0.000000  0.000000  0.000000  0.000000  0.000000  0.000000  0.000000
      1.155570  0.000000  0.000000  0.259162  0.000000  0.000000  0.035729
      0.000000  0.000000 -0.020254  0.000000  0.000000 -0.010258  0.000000
      0.000000  0.000000  0.000000 -0.000039  0.000000 -0.000038
 0 1  0.000000  0.000000  0.000000  0.000000  0.000000  0.000000  0.000000
     -0.257747  0.000000  0.000000 -0.050255  0.000000  0.000000  0.269360
      0.000000  0.000000  0.523705  0.000000  0.000000  0.373103  0.000000
      0.000000  0.000000  0.000000  0.011533  0.000000  0.011089
 0 1  0.011197  0.027429 -0.053651 -0.145636  0.346586  0.097113 -0.302374
      0.000000  0.026460 -0.060785  0.000000  0.005138  0.331310  0.000000
     -0.028154  0.546422  0.000000 -0.059971  0.191405  0.000000  0.039551
      0.110484 -0.044237 -0.066247  0.000000  0.001657  0.000000
s311++@@ 31 9
 1 0  0.011167  0.027063 -0.052720 -0.145092  0.347565  0.107759  0.015311
      0.000000 -0.311299  0.003019  0.000000 -0.062482 -0.016844  0.000000
      0.338878 -0.034636  0.000000  0.566554  0.036104  0.000000  0.181623
     -0.102507 -0.014827  0.000000 -0.012139 -0.066990 -0.045954  0.112944
      0.000000  0.009617  0.000000
 1 0  0.000127  0.000390 -0.001333 -0.000227  0.001490  0.004719  0.000529
      0.000000  1.153306  0.000044  0.000000  0.258921 -0.000890  0.000000
      0.038923 -0.000406  0.000000 -0.019014 -0.001977  0.000000 -0.001402
      0.003641  0.001088  0.000000 -0.000906  0.001045  0.000739 -0.001784
      0.000000  0.000081  0.000000
 0 1  0.018908  0.050061 -0.104943 -0.233111  0.483355  0.491866  0.090816
      0.000000  0.087486  0.017610  0.000000  0.016964 -0.095543  0.000000
     -0.092041 -0.180430  0.000000 -0.173816 -0.084422  0.000000 -0.081327
      0.114496  0.016308  0.000000  0.015709 -0.007808  0.015264 -0.007456
      0.000000 -0.005430  0.000000
 0 1 -0.076235 -0.259531  0.552498  0.631197 -0.046446 -0.089189 -0.001248
      0.000000 -0.001202 -0.000128  0.000000 -0.000123  0.001414  0.000000
      0.001362  0.006111  0.000000  0.005887  0.001228  0.000000  0.001183
      0.001737  0.000764  0.000000  0.000736 -0.000246  0.000507 -0.000260
      0.000000  0.000220  0.000000
 0 1  0.422199  0.687558 -0.048274 -0.068193 -0.004734  0.001160  0.000070
      0.000000  0.000068  0.000049  0.000000  0.000047 -0.000116  0.000000
     -0.000112  0.000001  0.000000  0.000001  0.000164  0.000000  0.000158
     -0.000927 -0.000172  0.000000 -0.000166 -0.000033  0.000067 -0.000034
      0.000000  0.000010  0.000000
 0 1  0.000132  0.000405 -0.001384 -0.000236  0.001546  0.004899  1.153349
      0.000000  0.000534  0.258925  0.000000  0.000045  0.038856  0.000000
     -0.000889 -0.019045  0.000000 -0.000406 -0.001550  0.000000 -0.001977
      0.003779 -0.000825  0.000000  0.001088 -0.001737  0.000767  0.000970
      0.000000  0.000205  0.000000
 0 1  0.000000  0.000000  0.000000  0.000000  0.000000  0.000000  0.000000
      1.155344  0.000000  0.000000  0.259064  0.000000  0.000000  0.036166
      0.000000  0.000000 -0.020761  0.000000  0.000000 -0.008505  0.000000
      0.000000  0.000000 -0.001528  0.000000  0.000000  0.000000  0.000000
     -0.000032  0.000000 -0.000031
 0 1  0.000000  0.000000  0.000000  0.000000  0.000000  0.000000  0.000000
     -0.257371  0.000000  0.000000 -0.049897  0.000000  0.000000  0.266287
      0.000000  0.000000  0.532421  0.000000  0.000000  0.348951  0.000000
      0.000000  0.000000  0.027291  0.000000  0.000000  0.000000  0.000000
      0.011270  0.000000  0.010857
 0 1  0.011167  0.027063 -0.052720 -0.145092  0.347565  0.107759 -0.310509
      0.000000  0.026921 -0.062325  0.000000  0.005349  0.338012  0.000000
     -0.029482  0.564866  0.000000 -0.055760  0.182844  0.000000  0.029299
     -0.102508 -0.012683  0.000000 -0.014364  0.113315 -0.045954 -0.067362
      0.000000  0.001841  0.000000
sccd 25 9
 1 0  0.014462  0.109235  0.297206  0.113120 -0.005044  0.000000  0.024540
     -0.046821  0.000000  0.622442  0.009668  0.000000  0.388998 -0.071373
     -0.042283  0.113655  0.000000  0.010582  0.000000 -0.014842 -0.010687
      0.025530  0.000000  0.001055  0.000000
 0 1  0.011089  0.096784  0.423443  0.521372 -0.008850  0.000000 -0.008496
     -0.212084  0.000000 -0.203586 -0.183053  0.000000 -0.175718 -0.012104
      0.023747 -0.011643  0.000000 -0.006512  0.000000 -0.001830  0.003618
     -0.001788  0.000000 -0.000590  0.000000
 0 1  0.000019  0.000270  0.001556  0.002940 -0.000043  0.000000  0.999603
     -0.000801  0.000000 -0.012375 -0.001355  0.000000 -0.009487  0.001088
      0.000845 -0.001932  0.000000 -0.000256  0.000000 -0.000025 -0.000153
      0.000178  0.000000  0.000860  0.000000
 0 1  0.111641  0.989560 -0.067872 -0.083068  0.000885  0.000000  0.000850
      0.004864  0.000000  0.004669  0.004625  0.000000  0.004440 -0.000026
      0.000073 -0.000047  0.000000  0.000295  0.000000  0.000183 -0.000381
      0.000198  0.000000 -0.000217  0.000000
 0 1  0.000020  0.000282  0.001621  0.003063  0.999604  0.000000 -0.000039
     -0.012441  0.000000 -0.000802 -0.009598  0.000000 -0.001355 -0.001902
      0.000880  0.001023  0.000000 -0.000123  0.000000  0.000238 -0.000159
     -0.000079  0.000000  0.000884  0.000000
 0 1  0.993639 -0.113054 -0.000620  0.000679 -0.000021  0.000000 -0.000020
     -0.000086  0.000000 -0.000083  0.000204  0.000000  0.000196 -0.000004
      0.000008 -0.000004  0.000000 -0.000003  0.000000 -0.000041  0.000084
     -0.000043  0.000000  0.000031  0.000000
 0 1  0.000000  0.000000  0.000000  0.000000  0.000000  0.999647  0.000000
      0.000000 -0.015303  0.000000  0.000000 -0.014181  0.000000  0.000000
      0.000000  0.000000 -0.000371  0.000000 -0.000356  0.000000  0.000000
      0.000000  0.000820  0.000000  0.000787
 0 1  0.000000  0.000000  0.000000  0.000000  0.000000  0.020593  0.000000
      0.000000  0.545033  0.000000  0.000000  0.565815  0.000000  0.000000
      0.000000  0.000000  0.013803  0.000000  0.013249  0.000000  0.000000
      0.000000  0.001520  0.000000  0.001460
 0 1  0.014462  0.109235  0.297206  0.113120  0.024313  0.000000 -0.006042
      0.620008  0.000000 -0.072226  0.389068  0.000000 -0.006241  0.114094
     -0.042283 -0.071813  0.000000  0.001822  0.000000  0.025537 -0.010687
     -0.014851  0.000000 -0.000851  0.000000
saccd 35 9
 1 0  0.014477  0.108916  0.288434  0.125434 -0.003771  0.000000  0.026928
     -0.041468  0.000000  0.634274 -0.000788  0.000000  0.391210 -0.069676
     -0.041185  0.110861  0.000000  0.007976  0.000000 -0.014845 -0.010856
      0.025701  0.000000  0.001063  0.000000 -0.038276  0.026991  0.000000
     -0.015812 -0.006477 -0.006960  0.013436  0.000000  0.003581  0.000000
 0 1  0.013094  0.110630  0.429918  0.489302 -0.009606  0.000000 -0.009216
     -0.207888  0.000000 -0.199445 -0.167995  0.000000 -0.161173 -0.008720
      0.017144 -0.008425  0.000000 -0.004101  0.000000 -0.001828  0.003616
     -0.001787  0.000000 -0.000564  0.000000  0.048292 -0.005487  0.000000
     -0.005264 -0.008097  0.015827 -0.007730  0.000000 -0.005114  0.000000
 0 1  0.000084  0.000736  0.002108  0.000486 -0.000107  0.000000  0.999831
     -0.001022  0.000000 -0.012611  0.000214  0.000000 -0.012760  0.001051
      0.000717 -0.001767  0.000000 -0.000162  0.000000  0.000005 -0.000118
      0.000114  0.000000  0.000821  0.000000  0.000116 -0.000689  0.000000
      0.000258  0.000928  0.000676 -0.001604  0.000000 -0.000335  0.000000
 0 1  0.119652  0.997000 -0.065174 -0.120318  0.001016  0.000000  0.000975
      0.005298  0.000000  0.005082 -0.005686  0.000000 -0.005455 -0.000135
      0.000278 -0.000145  0.000000  0.000146  0.000000  0.000143 -0.000299
      0.000157  0.000000 -0.000198  0.000000 -0.011381 -0.001056  0.000000
     -0.001013 -0.001115  0.002284 -0.001170  0.000000  0.000760  0.000000
 0 1  0.000087  0.000767  0.002198  0.000506  0.999821  0.000000 -0.000101
     -0.012696  0.000000 -0.001022 -0.012742  0.000000  0.000214 -0.001732
      0.000747  0.000985  0.000000 -0.000034  0.000000  0.000173 -0.000123
     -0.000049  0.000000  0.000847  0.000000  0.000120  0.000201  0.000000
     -0.000689 -0.001586  0.000704  0.000882  0.000000 -0.000227  0.000000
 0 1  0.992771 -0.120353 -0.000704  0.003394 -0.000031  0.000000 -0.000030
     -0.000124  0.000000 -0.000119  0.000814  0.000000  0.000781 -0.000020
      0.000041 -0.000020  0.000000  0.000000  0.000000 -0.000039  0.000080
     -0.000041  0.000000  0.000032  0.000000  0.000477  0.000079  0.000000
      0.000076  0.000125 -0.000251  0.000126  0.000000 -0.000017  0.000000
 0 1  0.000000  0.000000  0.000000  0.000000  0.000000  0.999521  0.000000
      0.000000 -0.015882  0.000000  0.000000 -0.013137  0.000000  0.000000
      0.000000  0.000000 -0.000297  0.000000 -0.000285  0.000000  0.000000
      0.000000  0.000778  0.000000  0.000747  0.000000  0.000000 -0.001388
      0.000000  0.000000  0.000000  0.000000 -0.000106  0.000000 -0.000102
 0 1  0.000000  0.000000  0.000000  0.000000  0.000000  0.024991  0.000000
      0.000000  0.561066  0.000000  0.000000  0.520320  0.000000  0.000000
      0.000000  0.000000  0.010810  0.000000  0.010371  0.000000  0.000000
      0.000000  0.001650  0.000000  0.001583  0.000000  0.000000  0.055640
      0.000000  0.000000  0.000000  0.000000  0.004077  0.000000  0.003912
 0 1  0.014477  0.108916  0.288434  0.125434  0.026749  0.000000 -0.004883
      0.632011  0.000000 -0.067714  0.390842  0.000000 -0.016996  0.111123
     -0.041185 -0.069937  0.000000 -0.000682  0.000000  0.025708 -0.010856
     -0.014850  0.000000 -0.000879  0.000000 -0.038276 -0.014681  0.000000
      0.027622  0.013658 -0.006960 -0.006700  0.000000  0.002615  0.000000
scct 45 9
 1 0  0.013700  0.096452  0.309478  0.035673  0.031330 -0.007895  0.000000
      0.021658 -0.044065  0.000000  0.595834 -0.011021  0.000000  0.253548
      0.022329  0.000000  0.237320 -0.049045 -0.034405  0.083450  0.000000
      0.002818  0.000000 -0.049656 -0.030234  0.079888  0.000000  0.006579
      0.000000 -0.001326  0.000000  0.023918  0.000000 -0.012056  0.001695
     -0.020035  0.000083  0.000000  0.000000 -0.009459 -0.006833  0.016292
      0.000000  0.000720  0.000000
 0 1  0.013562  0.108121  0.508513  0.074061  0.392970 -0.008232  0.000000
     -0.007923 -0.201984  0.000000 -0.194427 -0.084191  0.000000 -0.081041
     -0.118312  0.000000 -0.113886 -0.004901  0.009679 -0.004778  0.000000
     -0.001867  0.000000 -0.009874  0.019572 -0.009698  0.000000 -0.002665
      0.000000 -0.001239  0.000000 -0.001203  0.000000 -0.000414  0.002106
      0.002028 -0.000444  0.000000  0.000000 -0.001306  0.002588 -0.001282
      0.000000 -0.000373  0.000000
 0 1 -0.000345 -0.001759  0.000210  0.002079  0.003773  0.000833  0.000000
      0.968347  0.000491  0.000000 -0.019182 -0.001169  0.000000  0.056695
     -0.001734  0.000000 -0.005473  0.000936  0.000555 -0.001491  0.000000
      0.000121  0.000000  0.002302  0.001413 -0.003716  0.000000 -0.000692
      0.000000  0.000271  0.000000 -0.000607  0.000000  0.000276 -0.000128
      0.000537 -0.000236  0.000000  0.000000  0.000039 -0.000053  0.000013
      0.000000  0.000701  0.000000
 0 1  0.121886  0.930238 -0.092006  0.058047 -0.051204  0.000041  0.000000
      0.000039  0.003194  0.000000  0.003074  0.002286  0.000000  0.002201
      0.005173  0.000000  0.004979 -0.000598  0.001208 -0.000610  0.000000
      0.000179  0.000000 -0.000205  0.000413 -0.000208  0.000000  0.000042
      0.000000 -0.000722  0.000000 -0.000767  0.000000  0.000573  0.000474
      0.000456  0.000494  0.000000  0.000000  0.000166 -0.000345  0.000179
      0.000000 -0.000203  0.000000
 0 1 -0.000358 -0.001828  0.000219  0.002159  0.003920  0.968407  0.000000
      0.000841 -0.019145  0.000000  0.000491  0.056606  0.000000 -0.001168
     -0.005605  0.000000 -0.001734 -0.001445  0.000577  0.000868  0.000000
      0.000232  0.000000 -0.003667  0.001468  0.002199  0.000000 -0.000452
      0.000000 -0.000614  0.000000  0.000223  0.000000 -0.000172  0.000527
     -0.000128  0.000297  0.000000  0.000000  0.000061 -0.000055 -0.000006
      0.000000  0.000727  0.000000
 0 1  0.992485 -0.116985  0.000593 -0.009365 -0.000162  0.000171  0.000000
      0.000164  0.000262  0.000000  0.000252 -0.000172  0.000000 -0.000165
     -0.000031  0.000000 -0.000030 -0.000008  0.000017 -0.000009  0.000000
      0.000004  0.000000  0.000056 -0.000111  0.000055  0.000000  0.000008
      0.000000  0.000015  0.000000  0.000015  0.000000 -0.000005 -0.000016
     -0.000015 -0.000004  0.000000  0.000000 -0.000034  0.000069 -0.000036
      0.000000  0.000030  0.000000
 0 1  0.000000  0.000000  0.000000  0.000000  0.000000  0.000000  0.970978
      0.000000  0.000000 -0.017667  0.000000  0.000000  0.052786  0.000000
      0.000000 -0.011878  0.000000  0.000000  0.000000  0.000000  0.000024
      0.000000  0.000023  0.000000  0.000000  0.000000 -0.000512  0.000000
     -0.000493  0.000000  0.000113  0.000000 -0.000075  0.000000  0.000000
      0.000000  0.000000 -0.000076  0.000012  0.000000  0.000000  0.000000
      0.000660  0.000000  0.000635
 0 1  0.000000  0.000000  0.000000  0.000000  0.000000  0.000000  0.022759
      0.000000  0.000000  0.545412  0.000000  0.000000  0.225584  0.000000
      0.000000  0.410648  0.000000  0.000000  0.000000  0.000000  0.004428
      0.000000  0.004263  0.000000  0.000000  0.000000  0.010432  0.000000
      0.010041  0.000000 -0.008260  0.000000  0.005483  0.000000  0.000000
      0.000000  0.000000  0.005598 -0.001740  0.000000  0.000000  0.000000
      0.001120  0.000000  0.001078
 0 1  0.013700  0.096452  0.309477  0.035673  0.031330  0.021342  0.000000
     -0.008715  0.593721  0.000000 -0.066742  0.252943  0.000000 -0.020678
      0.237999  0.000000  0.013268  0.083443 -0.034405 -0.049038  0.000000
     -0.003017  0.000000  0.080134 -0.030234 -0.049901  0.000000  0.000865
      0.000000  0.023835  0.000000 -0.000298  0.000000 -0.002059 -0.019954
      0.002458 -0.012022  0.000000  0.000000  0.016302 -0.006833 -0.009469
      0.000000 -0.000415  0.000000
sacct 65 9
 1 0  0.013210  0.092576  0.291280  0.033630  0.071542 -0.004620  0.000000
      0.022790 -0.036153  0.000000  0.573641 -0.011443  0.000000  0.237823
     -0.028953  0.000000  0.272440 -0.045720 -0.033631  0.079351  0.000000
      0.002871  0.000000 -0.056213 -0.027619  0.083832  0.000000  0.005945
      0.000000 -0.001304  0.000000  0.023817  0.000000 -0.012738  0.001714
     -0.019216  0.000035  0.000000  0.000000 -0.008893 -0.006354  0.015245
      0.000000  0.000634  0.000000 -0.023513  0.003906  0.000000 -0.001705
     -0.022550 -0.003308  0.025858  0.000000  0.006118  0.000000 -0.004609
      0.000000  0.002773  0.000000 -0.000367  0.002017 -0.003353  0.004167
      0.000000  0.000000
 0 1  0.014392  0.113165  0.515307  0.074685  0.366094 -0.010214  0.000000
     -0.009833 -0.208553  0.000000 -0.200786 -0.083691  0.000000 -0.080574
     -0.117699  0.000000 -0.113316 -0.005911  0.011684 -0.005773  0.000000
     -0.002079  0.000000 -0.007723  0.015393 -0.007670  0.000000 -0.000814
      0.000000 -0.001629  0.000000 -0.001647  0.000000  0.000274  0.002011
      0.001936  0.000174  0.000000  0.000000 -0.001240  0.002456 -0.001216
      0.000000 -0.000345  0.000000  0.018334 -0.003557  0.000000 -0.003425
     -0.005814  0.011351 -0.005537  0.000000 -0.004217  0.000000 -0.000588
      0.000000 -0.000549  0.000000 -0.000456  0.001240  0.001193 -0.000451
      0.000000  0.000000
 0 1 -0.000262 -0.001246  0.000770  0.002161 -0.002258  0.001065  0.000000
      0.966954  0.001025  0.000000 -0.022062 -0.001228  0.000000  0.057869
     -0.003853  0.000000 -0.004625  0.000849  0.000519 -0.001368  0.000000
      0.000190  0.000000  0.003541  0.002064 -0.005606  0.000000 -0.001439
      0.000000  0.000291  0.000000 -0.000527  0.000000  0.000263 -0.000148
      0.000445 -0.000243  0.000000  0.000000  0.000031 -0.000054  0.000023
      0.000000  0.000683  0.000000  0.000888 -0.000322  0.000000  0.000011
     -0.000742  0.000392  0.000350  0.000000  0.000038  0.000000  0.000250
      0.000000 -0.001059  0.000000  0.000487  0.000042  0.000934 -0.000377
      0.000000  0.000000
 0 1  0.122282  0.928692 -0.094626  0.057921 -0.048228  0.000137  0.000000
      0.000132  0.003397  0.000000  0.003271  0.002255  0.000000  0.002171
      0.006074  0.000000  0.005847 -0.000501  0.001012 -0.000513  0.000000
      0.000183  0.000000 -0.000457  0.000902 -0.000446  0.000000 -0.000173
      0.000000 -0.000641  0.000000 -0.000681  0.000000  0.000501  0.000429
      0.000413  0.000432  0.000000  0.000000  0.000150 -0.000314  0.000163
      0.000000 -0.000199  0.000000  0.000445  0.000425  0.000000  0.000409
      0.000747 -0.001488  0.000742  0.000000  0.000088  0.000000  0.000036
      0.000000  0.000039  0.000000 -0.000043 -0.000010 -0.000010 -0.000038
      0.000000  0.000000
 0 1 -0.000273 -0.001294  0.000800  0.002245 -0.002345  0.967035  0.000000
      0.001072 -0.021984  0.000000  0.001025  0.057776  0.000000 -0.001227
     -0.004917  0.000000 -0.003854 -0.001321  0.000539  0.000782  0.000000
      0.000294  0.000000 -0.005557  0.002144  0.003412  0.000000 -0.001090
      0.000000 -0.000535  0.000000  0.000248  0.000000 -0.000185  0.000434
     -0.000148  0.000285  0.000000  0.000000  0.000069 -0.000056 -0.000013
      0.000000  0.000708  0.000000  0.000922 -0.000014  0.000000 -0.000322
      0.000323  0.000407 -0.000730  0.000000 -0.000009  0.000000 -0.001079
      0.000000  0.000167  0.000000 -0.000266  0.000938  0.000042  0.000509
      0.000000  0.000000
 0 1  0.992435 -0.117405  0.000798 -0.009452 -0.000726  0.000182  0.000000
      0.000175  0.000287  0.000000  0.000277 -0.000171  0.000000 -0.000165
     -0.000187  0.000000 -0.000180 -0.000012  0.000024 -0.000012  0.000000
      0.000003  0.000000  0.000063 -0.000124  0.000061  0.000000  0.000025
      0.000000  0.000001  0.000000  0.000001  0.000000  0.000004 -0.000005
     -0.000005  0.000004  0.000000  0.000000 -0.000033  0.000068 -0.000035
      0.000000  0.000030  0.000000 -0.000162 -0.000014  0.000000 -0.000013
     -0.000032  0.000065 -0.000032  0.000000  0.000001  0.000000  0.000015
      0.000000  0.000015  0.000000 -0.000005 -0.000017 -0.000016 -0.000003
      0.000000  0.000000
 0 1  0.000000  0.000000  0.000000  0.000000  0.000000  0.000000  0.970245
      0.000000  0.000000 -0.018436  0.000000  0.000000  0.053726  0.000000
      0.000000 -0.010202  0.000000  0.000000  0.000000  0.000000  0.000073
      0.000000  0.000071  0.000000  0.000000  0.000000 -0.001022  0.000000
     -0.000984  0.000000  0.000049  0.000000 -0.000034  0.000000  0.000000
      0.000000  0.000000 -0.000032 -0.000021  0.000000  0.000000  0.000000
      0.000643  0.000000  0.000619  0.000000  0.000000 -0.001403  0.000000
      0.000000  0.000000  0.000000 -0.000146  0.000000 -0.000141  0.000000
      0.000630  0.000000 -0.000420  0.000000  0.000000  0.000000  0.000000
     -0.000426  0.000091
 0 1  0.000000  0.000000  0.000000  0.000000  0.000000  0.000000  0.025193
      0.000000  0.000000  0.559928  0.000000  0.000000  0.225803  0.000000
      0.000000  0.379406  0.000000  0.000000  0.000000  0.000000  0.005463
      0.000000  0.005259  0.000000  0.000000  0.000000  0.005687  0.000000
      0.005475  0.000000 -0.006334  0.000000  0.004206  0.000000  0.000000
      0.000000  0.000000  0.004291 -0.001312  0.000000  0.000000  0.000000
      0.001067  0.000000  0.001028  0.000000  0.000000  0.028599  0.000000
      0.000000  0.000000  0.000000  0.003800  0.000000  0.003658  0.000000
     -0.005075  0.000000  0.003363  0.000000  0.000000  0.000000  0.000000
      0.003447 -0.001291
 0 1  0.013210  0.092576  0.291280  0.033630  0.071542  0.022598  0.000000
     -0.005482  0.571857  0.000000 -0.057888  0.237218  0.000000 -0.020458
      0.271146  0.000000 -0.039267  0.079361 -0.033631 -0.045728  0.000000
     -0.002611  0.000000  0.084020 -0.027619 -0.056401  0.000000 -0.000202
      0.000000  0.023728  0.000000 -0.000223  0.000000 -0.002142 -0.019138
      0.002441 -0.012696  0.000000  0.000000  0.015253 -0.006354 -0.008899
      0.000000 -0.000425  0.000000 -0.023513 -0.001556  0.000000  0.003968
      0.026190 -0.003308 -0.022883  0.000000  0.003981  0.000000  0.003119
      0.000000 -0.004555  0.000000  0.003968 -0.003275  0.002144 -0.000910
      0.000000  0.000000
