-------------------------------------------------------------------
HF normalized "sp3"-like Hybrid Orbitals of Silicon (taken from NLMO of SiH4)
using spherical AOs.
There are 1s,2s,2p and four sp3 orbitals, the total of 9 (4 in DFTB).
pbc: DFTB2 with pbc parameters (matsci parameters slightly break
molecular symmetry so pbc parameters were used).
Note: set $FMO MAXCAO=9 $end except for DFTB.
-------------------------------------------------------------------
si-pbc 4 4
 1 0 -0.652303  0.000000  0.000000 -0.757958 
 0 1 -0.652303  0.357305 -0.618871  0.252653  
 0 1  0.652303  0.714610  0.000000 -0.252653
 0 1 -0.652303  0.357305  0.618871  0.252653 
si-hf-3c 15 9
 1 0  0.046214 -0.166528  0.000000  0.000000 -0.225448  0.587890  0.000000
      0.000000  0.830079 -0.090182 -0.090182  0.180364  0.000000  0.000000
      0.000000  
 0 1  1.020656 -0.117878  0.000000  0.000000  0.000000 -0.016660  0.000000
      0.000000  0.000000  0.000000  0.000000  0.000000  0.000000  0.000000
      0.000000  
 0 1 -0.127244  1.040371  0.000000  0.000000  0.000000 -0.059474  0.000000
      0.000000  0.000000  0.000000  0.000000  0.000000  0.000000  0.000000
      0.000000  
 0 1  0.000000  0.000000  0.000000  0.989558  0.000000  0.000000  0.000000
      0.043505  0.000000  0.000000  0.000000  0.000000 -0.004517  0.000000
     -0.003194  
 0 1  0.000000  0.000000  0.000000  0.000000  0.989558  0.000000  0.000000
      0.000000  0.043505 -0.002766 -0.002766  0.005532  0.000000  0.000000
      0.000000  
 0 1  0.000000  0.000000  0.989558  0.000000  0.000000  0.000000  0.043505
      0.000000  0.000000  0.003912 -0.003912  0.000000  0.000000 -0.003194
      0.000000  
 0 1  0.046214 -0.166528  0.106277 -0.184078  0.075149  0.587890 -0.391304
      0.677757 -0.276692 -0.030060  0.090182 -0.060122 -0.120242  0.049089
     -0.085024  
 0 1  0.046214 -0.166528  0.106277  0.184078  0.075149  0.587890 -0.391304
     -0.677757 -0.276692 -0.030060  0.090182 -0.060122  0.120242  0.049089
      0.085024  
 0 1  0.046214 -0.166528 -0.212555  0.000000  0.075149  0.587891  0.782607
      0.000000 -0.276693  0.150302 -0.090182 -0.060122  0.000000 -0.098177
      0.000000 
si6-31G* 19 9
 1 0  0.031572 -0.111514  0.000000  0.000000 -0.212186  0.559496  0.000000
      0.000000  0.729912  0.092236  0.000000  0.000000  0.092314 -0.090745
     -0.090745  0.181490  0.000000  0.000000  0.000000
 0 1  1.019673 -0.096402  0.000000  0.000000  0.000000 -0.004995  0.000000
      0.000000  0.000000  0.001426  0.000000  0.000000  0.000000  0.000000
      0.000000  0.000000  0.000000  0.000000  0.000000
 0 1  0.000000  0.000000  0.000000  0.999983  0.000000  0.000000  0.000000
      0.001476  0.000000  0.000000  0.000000 -0.006234  0.000000  0.000000
      0.000000  0.000000  0.002898  0.000000  0.002049
 0 1  0.000000  0.000000  0.999983  0.000000  0.000000  0.000000  0.001476
      0.000000  0.000000  0.000000 -0.006234  0.000000  0.000000 -0.002509
      0.002509  0.000000  0.000000  0.002049  0.000000
 0 1  0.000000  0.000000  0.000000  0.000000  0.999983  0.000000  0.000000
      0.000000  0.001476  0.000000  0.000000  0.000000 -0.006234  0.001774
      0.001774 -0.003549  0.000000  0.000000  0.000000
 0 1 -0.168417  1.050669  0.000000  0.000000  0.000000 -0.071945  0.000000
      0.000000  0.000000 -0.015400  0.000000  0.000000  0.000000  0.000000
      0.000000  0.000000  0.000000  0.000000  0.000000
 0 1  0.031572 -0.111514  0.100027 -0.173248  0.070729  0.559496 -0.344084
      0.595971 -0.243303  0.092236 -0.043517  0.075375 -0.030771 -0.030248
      0.090745 -0.060497 -0.120993  0.049395 -0.085556
 0 1  0.031572 -0.111514  0.100027  0.173248  0.070729  0.559496 -0.344084
     -0.595971 -0.243303  0.092236 -0.043517 -0.075375 -0.030771 -0.030248
      0.090745 -0.060497  0.120993  0.049395  0.085556
 0 1  0.031572 -0.111514 -0.200052  0.000000  0.070729  0.559496  0.688167
      0.000000 -0.243303  0.092236  0.087035  0.000000 -0.030771  0.151242
     -0.090745 -0.060497  0.000000 -0.098791  0.000000
si-ccd 25 9
 1 0  0.016610  0.133701  0.428625  0.239322  0.000000  0.000000  0.033171
      0.000000  0.000000  0.572067  0.000000  0.000000  0.260148 -0.079609
     -0.079609  0.159215  0.000000  0.000000  0.000000 -0.017695 -0.017695
      0.035388  0.000000  0.000000  0.000000 
 0 1  0.994187 -0.107967 -0.000719  0.001858  0.000000  0.000000  0.000000
      0.000000  0.000000  0.000000  0.000000  0.000000  0.000000  0.000000
      0.000000  0.000000  0.000000  0.000000  0.000000  0.000000  0.000000
      0.000000  0.000000  0.000000  0.000000  
 0 1  0.000000  0.000000  0.000000  0.000000  0.000000  0.000000  0.999216
      0.000000  0.000000 -0.013637  0.000000  0.000000 -0.009360  0.001749
      0.001749 -0.003499  0.000000  0.000000  0.000000  0.000661  0.000661
     -0.001323  0.000000  0.000000  0.000000  
 0 1  0.000000  0.000000  0.000000  0.000000  0.000000  0.999216  0.000000
      0.000000 -0.013637  0.000000  0.000000 -0.009360  0.000000  0.000000
      0.000000  0.000000  0.002858  0.000000  0.002020  0.000000  0.000000
      0.000000  0.001080  0.000000  0.000763  
 0 1  0.000000  0.000000  0.000000  0.000000  0.999216  0.000000  0.000000
     -0.013637  0.000000  0.000000 -0.009360  0.000000  0.000000 -0.002475
      0.002475  0.000000  0.000000  0.002020  0.000000 -0.000935  0.000935
      0.000000  0.000000  0.000763  0.000000 
 0 1  0.106575  0.991434 -0.053390 -0.058181  0.000000  0.000000  0.000000
      0.000000  0.000000  0.000000  0.000000  0.000000  0.000000  0.000000
      0.000000  0.000000  0.000000  0.000000  0.000000  0.000000  0.000000
      0.000000  0.000000  0.000000  0.000000  
 0 1  0.016610  0.133701  0.428625  0.239322 -0.015637  0.027083 -0.011058
     -0.269674  0.467090 -0.190690 -0.122635  0.212408 -0.086715 -0.026536
      0.079609 -0.053071 -0.106144  0.043334 -0.075054 -0.005898  0.017695
     -0.011795 -0.023593  0.009632 -0.016683  
 0 1  0.016610  0.133701  0.428625  0.239322 -0.015637 -0.027083 -0.011058
     -0.269674 -0.467090 -0.190690 -0.122635 -0.212408 -0.086715 -0.026536
      0.079609 -0.053071  0.106144  0.043334  0.075054 -0.005898  0.017695
     -0.011795  0.023593  0.009632  0.016683  
 0 1  0.016610  0.133700  0.428625  0.239322  0.031274  0.000000 -0.011058
      0.539350  0.000000 -0.190690  0.245269  0.000000 -0.086715  0.132680
     -0.079609 -0.053071  0.000000 -0.086666  0.000000  0.029491 -0.017695
     -0.011795  0.000000 -0.019264  0.000000 
si-accd 35 9
 1 0  0.017323  0.138907  0.432059  0.166788  0.000019  0.000000  0.035346
     -0.000008  0.000000  0.576068 -0.000004  0.000000  0.326424 -0.080412
     -0.080410  0.160822  0.000000  0.000002  0.000000 -0.017915 -0.017913
      0.035827  0.000000  0.000000  0.000000 -0.017363  0.000000  0.000000
     -0.020487 -0.014468 -0.014468  0.028937  0.000000  0.000000  0.000000
 0 1  0.993775 -0.111783 -0.000750  0.000222  0.000000  0.000000  0.000000
      0.000000  0.000000  0.000000  0.000000  0.000000  0.000000  0.000000
      0.000000  0.000000  0.000000  0.000000  0.000000  0.000000  0.000000
      0.000000  0.000000  0.000000  0.000000 -0.001658  0.000000  0.000000
      0.000000  0.000000  0.000000  0.000000  0.000000  0.000000  0.000000
 0 1  0.000000 -0.000002 -0.000006 -0.000002  0.000000  0.000000  0.998650
      0.000000  0.000000 -0.011875  0.000000  0.000000 -0.000083  0.001247
      0.001247 -0.002495  0.000000  0.000000  0.000000  0.000706  0.000706
     -0.001414  0.000000  0.000000  0.000000  0.000000  0.000000  0.000000
      0.002034 -0.000820 -0.000820  0.001639  0.000000  0.000000  0.000000
 0 1  0.000000  0.000000  0.000000  0.000000  0.000000  0.998650  0.000000
      0.000000 -0.011875  0.000000  0.000000 -0.000082  0.000000  0.000000
      0.000000  0.000000  0.002037  0.000000  0.001440  0.000000  0.000000
      0.000000  0.001155  0.000000  0.000816  0.000000  0.000000  0.002034
      0.000000  0.000000  0.000000  0.000000 -0.001339  0.000000 -0.000947
 0 1  0.000000 -0.000002 -0.000006 -0.000002  0.998650  0.000000  0.000000
     -0.011876  0.000000 -0.000001 -0.000083  0.000000  0.000000 -0.001764
      0.001764  0.000000  0.000000  0.001440  0.000000 -0.001000  0.001000
      0.000000  0.000000  0.000816  0.000000  0.000000  0.002034  0.000000
      0.000000  0.001160 -0.001160  0.000000  0.000000 -0.000947  0.000000
 0 1  0.109411  0.983244 -0.051792 -0.030911  0.000000  0.000000  0.000000
      0.000000  0.000000  0.000000  0.000000  0.000000  0.000000  0.000000
      0.000000  0.000000  0.000000  0.000000  0.000000  0.000000  0.000000
      0.000000  0.000000  0.000000  0.000000  0.025518  0.000000  0.000000
      0.000000  0.000000  0.000000  0.000000  0.000000  0.000000  0.000000
 0 1  0.017323  0.138911  0.432067  0.166792 -0.016643  0.028845 -0.011763
     -0.271561  0.470355 -0.192021 -0.153877  0.266521 -0.108807 -0.026804
      0.080410 -0.053608 -0.107214  0.043769 -0.075811 -0.005972  0.017915
     -0.011942 -0.023885  0.009751 -0.016890 -0.017363  0.009657 -0.016727
      0.006830 -0.004822  0.014468 -0.009646 -0.019291  0.007875 -0.013640
 0 1  0.017323  0.138911  0.432067  0.166792 -0.016643 -0.028845 -0.011763
     -0.271561 -0.470355 -0.192021 -0.153877 -0.266521 -0.108807 -0.026804
      0.080410 -0.053608  0.107214  0.043769  0.075811 -0.005972  0.017915
     -0.011942  0.023885  0.009751  0.016890 -0.017363  0.009657  0.016727
      0.006830 -0.004822  0.014468 -0.009646  0.019291  0.007875  0.013640
 0 1  0.017323  0.138913  0.432074  0.166793  0.033326  0.000000 -0.011760
      0.543117  0.000000 -0.192012  0.307753  0.000000 -0.108801  0.134015
     -0.080412 -0.053604  0.000000 -0.087540  0.000000  0.029855 -0.017915
     -0.011942  0.000000 -0.019502  0.000000 -0.017363 -0.019316  0.000000
      0.006827  0.024115 -0.014468 -0.009644  0.000000 -0.015750  0.000000

